30722 150041
125842 35999
27420 156738
26869 162262
26883 160584
147266 27081
151496 26850
154007 26754
124088 37630
44244 120369
150277 26948
26564 163893
138548 27778
141920 27480
28344 151440
136321 28085
147766 27044
134846 28310
143395 27255
145906 27159
41407 126242
133873 29821
135272 28265
95810 97117
30885 148288
139597 27598
138122 27823
142346 27435
131692 30926
131236 30976
122493 41312
28215 154789
35891 139537
27285 157953
31563 144778
119887 48709
134843 28794
26454 165933
27130 158404
132711 30751
33902 141822
149777 26985
115130 51272
114949 55488
38261 136126
102850 87418
103023 86316
124869 37510
131662 30931
130643 31106
103996 84805
118505 51169
130277 31869
126028 33867
29232 150646
129368 32298
103823 85907
39443 127317
101385 96205
41809 123611
122022 46268
123890 39191
127001 32356
50579 118579
39041 129948
30142 150347
80256 99879
122098 42720
71262 109221
31868 143147
100094 96388
27449 155095
134299 29776
45618 119883
111900 84385
31259 146195
