20263 177017
20489 175486
192380 22719
23351 165751
204373 21825
20166 179909
195828 22038
20666 170301
20892 168770
20172 177351
192107 22726
20075 180243
202122 21876
193795 22121
38527 149777
190347 22802
143482 85500
178374 40014
188791 23269
193184 22575
29457 160814
84420 138972
182186 31484
118269 116433
20385 176787
95014 127135
20575 170635
187530 23353
113993 118818
21662 167582
153444 53337
182841 26461
107759 122230
48886 142803
164872 40976
181920 31572
186142 24404
30856 155603
200861 21960
24093 161916
98077 124989
182799 31441
128689 87863
180892 32736
163613 42534
33067 151957
184187 24556
161123 49035
163155 44763
181109 31635
94729 127713
190074 22809
150833 80428
150850 54686
186846 23903
21240 168732
176232 40657
156159 51487
127219 113262
