172797 43929
20622 205823
21093 198432
189064 20426
194183 19697
21010 198473
186868 20812
195322 19670
176139 25331
20673 204762
197310 19662
190620 19936
21240 198170
134863 86981
187925 20453
20777 202609
22189 185384
156389 55445
28851 181702
96120 144577
189481 19963
81184 165431
183741 20847
192608 19928
28012 182458
182157 23535
160777 54128
20784 198974
184880 20820
109084 130657
179987 23934
132600 95812
144051 62633
108040 138541
127533 106626
194061 19907
52864 171395
72841 168963
125104 107926
108540 135975
162314 53782
162761 51961
123885 108854
89225 154369
44507 174585
187829 20795
21792 188081
94235 153286
49911 173953
136592 74511
94926 151072
25544 184072
171360 50264
179877 25081
83505 156349
81683 160999
29029 181387
21720 197197
173071 41387
123683 116253
29767 179059
143093 68557
173885 38258
109582 127766
161175 53809
121450 121265
141222 72106
171385 45728
150050 62139
131655 99009
102358 142128
115330 124327
130129 100056
122352 118600
107927 140451
