40255 93891
35770 102594
68524 56458
54403 71066
43140 88810
36186 101865
72596 55172
66427 57512
75796 53235
64541 58334
38553 96127
58706 61787
62336 59453
60008 60656
50762 73758
39839 94620
57301 63140
55546 63466
68632 56393
37595 97680
47115 81505
75023 53840
57493 62412
46768 81882
80801 52690
66319 57577
35371 105001
78400 53151
49562 79362
53637 71891
38969 95398
41854 90317
54523 69867
72818 54959
59816 61384
49619 76094
53445 72619
38011 96951
40875 92883
40459 93612
35192 105402
34860 108151
67165 56504
74352 54250
58039 62132
41158 91883
44369 88561
67057 56569
54776 67510
72488 55237
36616 100246
46257 85032
78800 52822
61221 60031
59329 61445
72147 55369
35401 104904
54234 71305
47726 80329
37315 98517
54729 69303
45949 85931
37032 99517
62214 59528
48073 79952
41438 91046
54970 66381
34681 108552
34890 108054
50611 75248
53468 72130
54426 70577
82281 52506
62883 59293
69262 55450
51425 72654
64837 57707
42724 89539
63074 58445
