65166 94317
52232 110177
86443 75254
55091 105552
54520 106159
76669 78729
72365 85014
57873 102260
73170 82566
57785 102973
53596 106832
74111 79567
58444 101653
60486 100316
53263 108999
61138 99074
58337 102158
59562 100989
64681 95259
56653 104124
78474 77962
62527 98155
54167 106225
58797 101587
55392 105056
84638 76021
60593 99811
75745 79402
53564 108503
61603 98828
66509 91812
62062 98401
67433 91139
73954 81873
54984 106057
54060 106730
56861 103646
71379 85037
68088 89586
66090 93644
63338 97764
57326 103400
68893 87138
56316 104383
71329 85810
59261 101485
76840 78127
66260 93033
59669 100484
