164386 39749
105785 135589
152951 41652
163443 40131
156622 40423
153894 41270
61120 157339
31916 177060
140153 75443
92478 142816
127100 110299
80213 150776
34019 168862
160523 40216
34227 165594
145175 69227
31473 179540
145701 55114
82733 150746
31899 179459
46413 162210
107290 129931
83392 147256
122976 116693
150031 41737
130802 109421
76266 151153
32999 169292
32340 172782
132462 97114
93182 136337
145484 61288
122521 121559
32132 176050
120051 122596
124228 113628
135149 81022
113256 127434
62066 155112
148792 54752
144578 74099
132151 107921
137707 79283
