103740 96143
94175 139535
80813 122820
91564 135766
80753 128212
96693 107885
116282 83689
110749 91516
103582 121893
116108 108879
117108 93126
109924 110616
82138 121470
108089 95194
97979 124032
97054 130815
105942 104390
82843 118134
123028 86089
80123 136208
106700 95280
86275 117522
97954 160991
103762 101537
85962 120620
103830 93390
125495 119867
104178 143695
112053 104878
95902 131988
123428 87128
114821 99035
107991 111957
108355 103785
109729 94080
81885 119455
93332 131681
119781 83584
112228 92098
116401 83411
77157 134531
118414 94978
138913 105816
101791 121849
118349 115612
93857 126009
110957 109223
119688 98564
126135 91232
80608 132954
104741 128565
88673 143231
96952 98903
81468 130810
91355 138598
78747 125531
120324 116361
104949 91743
77157 134531
117268 109557
108081 91657
91805 128179
95154 105514
108397 96675
123027 108567
133659 97724
122280 93426
140918 103609
127186 81081
82662 130830
99986 134582
86023 119968
85154 132520
111561 100815
92774 126892
120794 96211
83261 125421
106477 98656
106953 96520
102860 101906
84337 146076
79336 136265
135409 148763
87503 128239
121181 104109
85424 123637
115845 90319
100797 100728
122205 84694
86011 141404
77825 130599
128755 106677
108416 89976
106617 113388
92642 112019
110103 91874
92593 115236
83487 119363
80927 124271
89645 122535
