210466 15193
189504 16442
210056 16369
160272 17073
145048 18291
149953 18102
120517 22635
118043 23327
123437 22459
97935 26334
90232 27849
94621 27334
100960 25776
81840 30467
86149 28413
85235 29835
74419 35576
71588 35578
77005 33650
66087 36279
64095 39765
65280 38544
65014 38857
58333 41087
50001 47296
54699 42899
52566 45420
48275 47852
45575 51486
41561 51967
37671 55012
36271 57418
35429 67749
31944 67975
36052 65064
30623 77863
28986 78726
31540 77226
26397 91591
24668 91878
26686 89817
23774 103828
21640 127528
20290 137098
21335 132746
21032 134122
19266 145241
18175 149059
16688 193644
17192 193237
17492 192632
