199237 240716
199237 240716
219155 231825
236222 224367
213485 244771
219405 221233
215129 210923
233869 237239
204565 211259
215990 208817
234968 221165
207799 224213
224634 248008
213630 238638
227032 249418
226847 206164
203419 234361
231113 232787
196666 225161
221830 223476
204837 236039
208603 211935
243053 223529
238763 237692
224110 216501
227501 231413
232349 254082
223757 225108
205427 210902
227875 213170
212634 209504
196085 229895
238771 243834
230744 226969
234543 214350
228248 236982
202633 202676
217843 220006
235725 208036
215580 238977
227279 221596
227146 237477
226960 211419
225059 221810
227006 221756
229154 226420
226918 218036
222288 238182
193087 217750
218330 224911
195610 218461
220600 222743
225984 233268
231908 218784
243153 247271
233880 239998
228470 231663
198368 211894
215718 213009
238870 220478
214464 245250
205024 219167
213213 233880
209772 231706
237349 207587
208811 229943
237907 219113
229010 201429
229542 218911
213310 208630
214023 200680
205583 249527
206401 229522
214223 219347
237857 260679
208611 218053
230510 210981
212984 237038
218386 222707
217491 210145
228366 232433
213062 227458
222834 234229
214008 211985
231280 224433
225545 243764
198488 246225
198892 220451
229205 233384
214871 225789
204481 205416
223775 212560
206174 222771
205457 216917
219535 239693
218537 223311
235865 208286
215718 240681
217900 212393
229609 228051
219019 200068
199941 239550
224586 218178
211884 206952
218731 232866
231388 208340
238010 217808
205911 225892
252892 224634
233150 212020
209355 225788
239697 226156
212841 205173
215683 231669
228049 227925
236294 229319
218502 216376
203252 223449
215895 228949
240116 206337
203327 220676
215865 234859
223330 230746
205887 230447
244466 207875
207791 227869
233810 205029
201427 220398
239741 219427
227533 206974
233343 219181
234531 218366
236959 230839
235033 224520
200678 192073
221930 201376
232407 240855
233833 216194
210902 215759
213736 216751
236270 206296
215250 232319
219932 196575
217856 229096
203671 209319
227376 224452
214543 222221
268719 230649
222542 227005
214156 231828
219002 207171
232276 208091
209964 226807
238981 208657
250683 231606
208010 223844
193799 210648
224198 205022
216040 222673
253897 230582
234679 231992
230350 245553
210235 232665
214289 228802
214456 222833
200489 215970
221186 205469
205789 242938
216996 199330
226703 220855
204853 224961
217259 205510
225774 216412
208443 193278
203180 199643
236691 233296
235535 211593
217402 213359
217932 210118
230168 235217
218684 217541
204886 205172
215576 219735
234437 195700
209843 213109
211679 214132
213808 219369
223681 218606
237955 226460
234019 219166
221929 250534
193712 205342
256603 228177
219259 215120
227061 214800
177905 213949
199723 226179
230049 217480
209337 217107
205429 254505
206711 203546
208975 234245
211199 227499
193128 219857
210339 222909
232232 206499
242779 238883
219643 232591
235182 219697
235313 223435
197377 215075
210971 233424
219943 202431
221465 211525
216895 209742
209766 220328
220402 242648
233488 220096
228834 236060
220150 241757
215327 229041
214274 217571
200240 207702
194009 206435
222361 225294
237056 233897
220233 236882
206681 215413
224938 232120
215259 228229
192847 216429
215127 221836
235916 218998
204913 228578
191301 206031
227109 204254
213486 214172
235728 214005
204261 218912
226769 223305
215291 228042
213444 223232
214733 215721
224462 225747
221392 228406
215675 228577
200451 216171
213107 224835
233717 217129
223677 215866
212004 226247
205084 222252
231398 199096
238058 227047
219663 217026
196888 233059
229234 224614
212255 246732
231321 182956
216049 228715
232454 234890
194976 215295
214564 212871
224342 229498
223362 228193
246844 219456
223549 227215
246355 229557
230428 239954
216528 225372
199983 213194
232854 239605
214942 195368
226928 238480
216077 222021
207300 246778
224528 204385
235283 227665
218277 246216
223105 226976
204777 204866
219348 226378
202158 222421
214844 244352
222943 209497
204323 218486
209893 226300
237143 248331
225026 217889
236656 221901
201077 225374
231818 201807
221588 209309
229806 211352
209132 217166
220722 205000
227295 252395
209042 212532
216556 217536
209165 219428
209796 208783
230313 225578
217781 211398
216483 229377
219870 217051
211698 238451
248671 221363
194416 211436
224124 218876
220177 225467
231978 221404
208770 223009
212751 228716
226370 187988
211619 216753
197563 218317
229900 206337
237628 212337
211062 224168
226673 230625
194728 206603
225946 240052
213368 208901
217667 203837
245217 212157
203752 237353
220148 234037
226469 228147
207611 216821
220015 212468
219640 229347
233787 202245
225284 228479
223915 229889
236163 232634
227688 211765
219475 184964
226299 215973
202684 225169
201315 190586
221221 220924
211926 247812
241004 223668
236058 217638
218668 238235
219035 222464
211444 207192
217217 221838
207978 204080
227036 216067
216829 226423
224130 243919
218340 202501
218895 225973
215082 207938
203024 223069
211344 221176
229363 215507
234296 216076
210033 230001
204258 222422
231174 224171
234182 216109
230032 240513
214593 251346
215626 208117
220241 226825
209950 209564
227712 238517
235811 226590
221981 214040
182575 219518
225120 202908
218394 209738
216367 241464
221516 223004
225574 234349
211459 220536
217699 207212
213836 213951
216976 197327
205011 216834
223077 225855
240104 229409
207891 230597
213529 211331
193892 222245
244240 219459
244342 243665
219096 210550
219973 204693
205641 227196
231417 211066
232380 221365
208616 215003
220972 199532
222401 229294
219177 194447
239235 234208
238442 240036
233189 229625
238044 217538
223755 199918
203225 226015
214650 231457
252125 213903
220868 235303
214778 221214
214644 218797
232360 225391
215935 253090
202161 227579
229024 225787
233786 222665
220181 208969
221808 223624
219762 211941
202894 207849
224636 216983
226791 193597
201993 234789
225239 216744
215203 219973
208667 210808
215051 205940
192539 205281
231039 195352
246906 212681
206036 222212
223939 240210
230861 222105
219019 213524
228401 225563
214675 215880
217296 224694
245325 235890
190853 225359
207153 214936
214480 232064
220596 211145
232821 227060
206774 222952
203729 235379
219040 239428
223377 212793
218334 221710
232996 212557
213839 202551
229676 199766
228336 227597
230023 214129
198334 189078
228446 221849
233616 208775
223845 212638
226761 220446
222742 221569
226610 227072
224760 222401
225758 205887
218201 217884
233875 218155
231997 207380
257488 244278
238625 218705
221281 227174
210733 233444
221865 238271
220788 205928
230903 242368
209465 212905
225813 252781
211932 219912
230535 206370
213490 228063
220238 221824
228512 225662
239513 210612
205392 229858
225749 211407
206996 224702
209214 202887
228933 221070
208676 227545
225278 242422
228825 209252
222414 219689
211575 216822
215085 209792
236693 217106
230821 209356
225998 199653
221709 223565
232749 224021
228708 247379
220710 216453
205861 227621
204818 223416
264010 223671
247407 228612
