199237 240716
207183 226468
236670 225840
218530 219073
236503 256468
193514 215876
221831 233947
223122 220320
219418 214630
234003 237981
203530 218096
215756 237412
236517 231629
217161 219579
218177 208467
209309 203142
238228 225783
208191 240107
217895 220527
237390 232797
201639 213185
245924 214182
216285 207673
229342 232549
228278 215075
215445 249657
210919 210750
244895 231025
214384 199949
207852 209300
195412 231128
215265 217093
214104 204308
202772 204883
222215 219728
216677 199939
210414 226703
196334 186098
229025 219369
220808 217699
219372 236279
254768 219815
219726 196857
227857 239400
231993 218054
224642 226451
233411 226185
225460 229262
219080 186488
227893 201529
230736 236305
227282 203942
207847 223328
243328 227807
235748 223349
198718 232150
200619 224502
206615 191501
215800 225501
215600 234019
228738 204453
194121 230627
187895 224501
230256 219428
195927 216450
236879 219641
219871 236856
226407 219126
233770 230798
224055 235178
220979 213534
218050 217233
236683 233489
224320 218678
207752 210806
204865 219250
205632 206363
228868 226912
213067 223549
201372 217524
224206 242532
236772 216022
209983 213601
210521 250449
207660 241816
247089 230824
226534 223907
234249 208644
236611 240956
216779 228952
208635 229222
208956 224276
222802 231174
245660 224540
212405 212676
211748 224456
240155 223574
197177 234339
197024 243777
221097 218516
201051 239506
237714 235947
228520 218672
217431 214444
230809 227876
226845 235161
229346 221964
219095 199046
228131 238057
230948 206737
208574 219944
217764 208059
224651 210252
245054 212480
215412 213345
225296 222569
218773 214163
201614 218458
198931 206538
243555 235986
233282 204266
232398 204065
215509 223117
191945 210514
211280 232101
198667 237663
230093 214292
219661 226123
243144 233334
211832 235603
233942 203245
204843 221984
224918 225909
228786 236595
229778 236907
209121 223985
200308 230927
249918 207283
221048 210957
215265 221767
223177 201323
231794 213433
210191 209228
216208 224906
219752 218416
222904 224398
231942 220531
222264 227391
225357 223152
203994 203547
237309 224122
210987 220958
223466 242370
200506 223694
195018 214727
229649 221691
220501 218725
231036 213109
208932 224412
209483 220003
229325 224244
220513 208996
213433 224816
223979 216892
216866 207558
209717 217717
194476 219011
221400 244506
217804 225511
211650 221056
204141 244872
216514 196308
207921 209700
201080 234449
232160 220447
223198 199525
209134 227745
228966 217069
231236 231995
210137 233862
211361 189914
229563 211785
216902 246611
222851 236309
224401 203352
225289 227502
221179 234238
206185 238126
197928 220376
191258 212533
212474 223896
222989 244718
216559 224422
198535 209839
219590 233777
213341 221845
214022 193952
228940 215932
218184 198435
218990 217392
211332 226536
222034 224582
226544 234336
214459 207604
236157 221920
226112 218346
222480 223332
241145 227508
245214 222313
229170 221523
217070 234887
210583 218621
220841 227563
207786 218617
221595 239447
202489 216094
225688 244451
219720 228989
208169 215908
226488 214288
204176 215688
212826 203597
227652 232667
231085 228663
227064 224353
208186 215576
224806 225453
217053 205017
218384 233237
215254 227814
213921 233928
225025 203432
209494 213631
249047 199166
233655 238777
229024 231894
222486 242732
215920 204343
215539 230086
211402 236411
228690 220548
222021 213682
218948 219519
231294 236361
222292 240373
227086 214054
224062 240804
219215 191238
232272 226241
208298 237729
250686 232545
207900 191048
219586 219503
251013 203436
216645 212645
236311 241466
226560 213251
226896 215067
236215 213891
232004 213862
243600 213355
230620 204639
216418 210110
223144 217594
195746 228203
198272 233818
230688 217263
206888 226295
232080 221105
210086 197169
215991 204253
224896 209248
201675 223804
219565 218210
199356 245496
196184 201163
199042 240908
218037 221415
217420 229078
224324 222858
210305 232729
238534 212385
244810 221539
229581 213205
204557 204180
214983 226156
203742 225745
228068 231364
219379 224164
208193 240852
198455 219291
222056 217582
217463 222003
231949 206448
209557 215306
223994 205357
218063 243957
243537 209984
227020 225305
223279 212797
205046 215228
218977 227453
219408 238438
213367 225323
224233 228574
211915 222049
225838 227678
221155 208857
210758 218469
188265 238796
215546 244269
217605 218238
226389 229095
234696 237021
212449 231253
234029 190673
224480 252125
225939 219880
235422 213711
216456 252167
229046 231715
216967 196362
228004 216474
207880 210822
209233 210352
249595 215216
223584 221409
221950 229589
224425 209244
251483 237507
222008 232233
221845 226239
213435 219858
223626 219209
208848 237541
209098 208273
223189 217781
222540 239584
227659 204323
222686 217480
212956 232479
241870 231639
224049 238274
214136 212429
223467 216852
231268 212776
214858 216363
230481 227817
226205 234029
239843 215728
231011 232603
223899 221055
199188 233737
223314 221689
236768 230333
226646 226108
218302 221724
215202 208109
213038 251817
222240 218678
215643 252261
208354 213426
222867 239085
246412 228750
232902 227384
231279 203243
236698 221658
208644 208597
249287 221143
240945 222906
213413 212201
210430 224978
246916 219010
228889 213411
225881 224283
234236 219828
226998 216000
215898 212429
225090 226540
221670 215999
209489 219977
214208 225244
218885 202838
223207 226720
211557 236088
211379 210831
208868 234844
250527 214964
226907 209818
235047 251558
227077 190801
213149 201193
227114 219557
215223 206405
240591 216215
225580 224627
230166 232005
219371 208582
225109 241536
207469 227246
223290 225969
233814 209277
202048 195222
194228 210639
227978 231532
224271 222168
222212 218086
194076 221772
237577 220973
205375 232088
217431 228883
229399 212726
245641 220272
218131 220655
214622 203906
240394 221877
234563 223919
223217 217981
218143 184794
246605 232528
226246 215938
226569 214010
207646 222171
214905 228918
214070 209750
221074 219767
218119 227447
221782 225454
215520 238959
198549 240032
227938 237871
244402 209127
227452 230227
231927 219062
230697 239121
225589 217740
236893 240077
232459 215225
228683 208069
213268 198810
209257 216487
218504 219994
200692 218650
218722 216908
216043 212730
225582 177663
228695 227392
224542 236993
224751 218519
232519 214931
236338 226513
223387 238436
227991 235047
226186 214831
188036 220393
242027 234694
230917 218347
204768 238325
225063 217089
209820 230947
243449 208276
218289 222709
236425 225423
239065 219428
208984 222891
230949 238660
234362 209483
217811 238588
227454 237207
226373 211399
230133 222433
217708 216507
233795 203240
234284 217618
197225 229322
220907 233927
224009 230900
223363 226030
214303 222141
200123 198975
206217 222865
225513 222930
216867 228832
219091 204284
233555 246535
202513 189378
196303 211277
199134 213847
193653 224992
212070 212641
218289 217248
207314 216359
223227 224811
217447 210365
216620 209705
231370 224140
214549 207574
217121 225875
207850 225991
224868 192139
