215655 15678
203330 16063
154642 16996
155022 16250
134818 19040
148842 18416
141267 18858
126781 20318
118215 22444
121854 21915
106420 24241
108822 22740
97540 25841
98672 25428
104288 24746
93285 27280
88630 27591
77845 30057
83900 28021
77825 30518
75820 31185
75220 31766
76283 31113
74223 33005
66479 35949
67111 35317
67835 33998
66007 36236
72471 33507
58053 37310
52326 42973
52951 41856
48906 44701
45247 48307
46270 45377
39895 53815
43291 50434
37992 58769
35936 62861
33775 63450
31354 69013
29415 73695
30193 73088
28828 81119
28703 82304
25286 96467
25653 91959
25907 88188
25095 98578
26104 82324
22130 113632
22341 102666
20503 127450
21261 117323
19500 139203
18562 139777
17039 151107
16984 162157
16562 190613
16621 181163
15444 200157
15166 212085
