199495 15623
211159 15157
185863 15691
167348 17119
183743 16442
179017 16555
156974 17509
162301 17474
130385 21253
130962 19127
122742 21414
113547 22137
107812 23998
104354 24816
103069 25805
81432 28813
97240 26351
107319 24604
95300 26935
79360 30058
88838 27445
72840 31731
78714 31466
63818 35012
63738 37333
69012 33214
58190 37862
56123 40567
51014 41385
56814 39267
50401 45681
48934 47088
48868 47665
45530 47853
44879 51127
40086 55740
44536 52539
38018 61077
42657 53443
44634 51888
37761 63659
38889 56758
37936 62954
42252 53642
34617 64080
38625 59020
35384 63803
32270 66482
30918 71340
30544 76256
28934 77357
27400 82628
24575 96094
24741 85310
24596 92365
23815 105926
22213 108246
20836 117402
20492 136390
21307 112977
19642 141951
20320 140599
18957 143065
18535 145638
18082 153660
16854 162779
16028 181184
16387 171096
15953 210292
