213726 14679
233793 14499
193877 15591
191004 15671
194244 15494
171763 16996
178042 16413
154679 17492
140076 18465
126909 19982
119736 21888
110367 22698
120348 20969
124070 20087
93702 27399
107957 23616
105189 25417
94304 25998
83611 29831
88554 28623
79785 30119
84693 29573
79016 31609
73826 31942
77764 31744
68921 34889
71423 33651
58000 39486
63527 36771
63492 38648
54738 41093
53660 41955
56126 40803
60745 39229
49878 47666
51620 45420
52852 42044
48275 48615
49757 48174
45428 51244
50101 45454
45497 49826
43816 52510
39956 58357
40111 55701
40094 56076
41531 52703
37058 59228
35827 62046
33057 66901
32668 69448
34847 64450
34272 66842
29362 73461
27945 77896
28969 76699
27405 85522
27867 81794
24159 97076
26586 89013
23978 100513
25016 90841
24031 99257
22833 106328
24407 93420
22113 113418
22721 107774
21118 122062
22041 118019
19871 123411
21147 120402
19416 141203
19279 141653
18413 159187
18917 144279
17344 160476
15747 175037
14688 186099
