164565 193380
173642 184030
193170 198619
195731 183239
187060 174662
183170 208908
184032 204754
182937 172505
182433 199683
183006 195804
178909 193585
173231 191506
185408 178529
177688 203849
179351 173468
175797 201853
179977 210972
179626 179145
169592 184245
175551 204524
187761 178775
175578 183915
174772 196647
167089 188914
191328 182361
175782 185594
188449 196793
182265 194765
165155 206421
185204 190783
191728 189592
175758 196523
168334 202720
186451 198008
182934 179821
195113 189848
173185 204391
179908 195127
186775 178681
190600 173876
191689 177190
178295 195996
176636 200153
182736 182251
181875 174424
169191 189188
170910 198574
188964 170773
170429 194790
165424 206735
