222475 14822
206427 15536
170703 16354
167519 17150
153551 17816
145399 18068
142772 18695
134327 20208
124165 21117
118325 22242
118583 21250
109885 23139
100931 23662
84397 27989
95631 24844
77353 30603
80192 29683
93259 27042
77059 31864
70090 33696
64756 34123
74380 33324
64626 35654
63108 36841
59556 39487
54817 41742
48862 45767
55477 40729
48709 47262
46908 47333
44471 50517
50518 42932
39487 57564
41164 51299
38085 57951
36843 60812
36693 61670
33416 62794
32680 66374
34523 62345
30471 72226
32216 71661
29313 76881
26803 83351
25078 92416
24292 94520
23219 96175
22096 113665
22292 97903
21393 122577
19789 126406
19207 147024
19263 138327
17852 165869
18442 152814
16998 167468
15761 195077
15497 196933
